Instance ni nmBest MACH3 LHBNS1 LHBNS2 YACA
MAVCH1 10 100 10 25664 25656 25657 25664 25663
MAVCH2 10 100 10 29599 29598 29598 29599 29599
MAVCH3 10 100 10 29180 29168 29167 29169 29180
MAVCH4 10 100 10 30188 30172 30178 30176 30188
MAVCH5 15 100 10 32726 32715 32707 32720 32726
MAVCH6 15 100 10 33250 33234 33232 33239 33250
MAVCH7 15 100 10 32238 32232 32222 32222 32238
MAVCH8 15 100 10 29224 29221 29207 29218 29224
MAVCH9 20 100 10 31283 31274 31278 31275 31283
MAVCH10 20 100 10 27297 27290 27280 27288 27297
MAVCH11 20 100 10 29284 29272 29271 29279 29284
MAVCH12 20 100 10 30282 30270 30262 30273 30282
MAVCH13 25 100 10 30887 30867 30873 30873 30887
MAVCH14 25 100 10 40890 40869 40869 40880 40890
MAVCH15 25 100 10 25372 25366 25359 25354 25372
MAVCH16 25 100 10 31389 31389 31376 31377 31389
MAVCH17 10 250 10 71679 71664 71660 71674 71679
MAVCH18 10 250 10 72929 72924 72914 72918 72929
MAVCH19 10 250 10 69207 69194 69197 69198 69207
MAVCH20 10 250 10 60397 60393 60390 60394 60397
MAVCH21 15 250 10 78153 78145 78142 78147 78153
MAVCH22 15 250 10 81900 81893 81895 81898 81900
MAVCH23 15 250 10 93166 93147 93148 93151 93166
MAVCH24 15 250 10 76878 76864 76871 76869 76878
MAVCH25 20 250 10 68242 68229 68231 68234 68242
MAVCH26 20 250 10 73204 73195 73198 73193 73204
MAVCH27 20 250 10 74470 74457 74469 74468 74470
MAVCH28 20 250 10 50769 50766 50764 50764 50769
MAVCH29 25 250 10 77238 77231 77228 77236 77238
MAVCH30 25 250 10 67273 67261 67259 67265 67273
MAVCH31 25 250 10 92223 92210 92210 92217 92223
MAVCH32 25 250 10 66013 66003 65996 65996 66013
MAVCH33 10 500 10 150971 150960 150956 150960 150971
MAVCH34 10 500 10 180802 180786 180800 180800 180802
MAVCH35 10 500 10 125909 125903 125894 125902 125909
MAVCH36 10 500 10 150886 150875 150877 150884 150886
MAVCH37 15 500 10 176319 176319 176316 176315 176319
MAVCH38 15 500 10 146277 146265 146273 146277 146276
MAVCH39 15 500 10 138822 138812 138819 138820 138822
MAVCH40 15 500 10 131316 131311 131306 131306 131316
MAVCH41 20 500 10 136483 136467 136483 136482 136481
MAVCH42 20 500 10 159021 159012 159020 159021 159001
MAVCH43 20 500 10 139071 139053 139061 139071 139061
MAVCH44 20 500 10 136518 136482 136500 136518 136501
MAVCH45 25 500 10 91994 91988 91983 91989 91994
MAVCH46 25 500 10 149554 149538 149539 149543 149554
MAVCH47 25 500 10 157049 157049 157025 157035 157047
MAVCH48 25 500 10 159502 159495 159488 159489 159502
MAVCH49 10 700 10 207755 207741 207742 207750 207755
MAVCH50 10 700 10 186818 186802 186806 186808 186818
MAVCH51 10 700 10 225264 225261 225251 225257 225264
MAVCH52 10 700 10 183319 183307 183307 183319 183310
MAVCH53 15 700 10 183791 183791 183784 183789 183791
MAVCH54 15 700 10 208385 208360 208377 208383 208385
MAVCH55 15 700 10 180385 180374 180385 180383 180385
MAVCH56 15 700 10 236457 236432 236448 236447 236457
MAVCH57 20 700 10 201649 201609 201644 201640 201649
MAVCH58 20 700 10 254121 254076 254096 254110 254121
MAVCH59 20 700 10 215626 215599 215604 215616 215626
MAVCH60 20 700 10 201652 201628 201651 201651 201652
MAVCH61 25 700 10 233822 233812 233805 233808 233822
MAVCH62 25 700 10 184900 184892 184883 184888 184900
MAVCH63 25 700 10 226845 226828 226813 226832 226845
MAVCH64 25 700 10 240788 240777 240765 240772 240788
MAVCH65 10 100 15 42426 42417 42397 42419 42426
MAVCH66 10 100 15 52428 52376 52374 52392 52428
MAVCH67 10 100 15 43963 43959 43939 43963 43958
MAVCH68 10 100 15 45881 45866 45856 45872 45881
MAVCH69 15 100 15 43594 43593 43577 43592 43594
MAVCH70 15 100 15 47050 47020 46995 47021 47050
MAVCH71 15 100 15 43072 43044 43037 43054 43072
MAVCH72 15 100 15 52503 52495 52491 52503 52493
MAVCH73 20 100 15 53645 53603 53604 53631 53645
MAVCH74 20 100 15 41659 41607 41631 41659 41659
MAVCH75 20 100 15 47721 47687 47721 47713 47706
MAVCH76 20 100 15 44604 44571 44583 44592 44604
MAVCH77 25 100 15 51723 51699 51693 51697 51723
MAVCH78 25 100 15 29762 29738 29726 29762 29738
MAVCH79 25 100 15 45198 45174 45178 45177 45198
MAVCH80 25 100 15 42750 42707 42733 42712 42750
MAVCH81 10 250 15 105036 105014 105022 105034 105036
MAVCH82 10 250 15 126207 126144 126165 126187 126207
MAVCH83 10 250 15 107463 107435 107437 107457 107463
MAVCH84 10 250 15 100021 100006 100015 100010 100021
MAVCH85 15 250 15 106582 106573 106570 106581 106582
MAVCH86 15 250 15 115363 115340 115340 115363 115351
MAVCH87 15 250 15 120345 120329 120309 120322 120345
MAVCH88 15 250 15 104137 104132 104132 104133 104137
MAVCH89 20 250 15 149248 149229 149212 149248 149211
MAVCH90 20 250 15 100625 100616 100618 100625 100618
MAVCH91 20 250 15 85635 85622 85618 85607 85635
MAVCH92 20 250 15 123024 122989 122977 123022 123024
MAVCH93 25 250 15 113215 113177 113172 113215 113203
MAVCH94 25 250 15 115710 115691 115689 115699 115710
MAVCH95 25 250 15 120723 120718 120697 120710 120723
MAVCH96 25 250 15 124432 124396 124384 124432 124414
MAVCH97 10 500 15 197559 197529 197542 197542 197559
MAVCH98 10 500 15 227664 227643 227632 227647 227664
MAVCH99 10 500 15 230085 230083 230083 230083 230085
MAVCH100 10 500 15 260000 259961 259966 260000 259981
MAVCH101 15 500 15 188294 188276 188274 188289 188294
MAVCH102 15 500 15 215856 215835 215828 215856 215852
MAVCH103 15 500 15 193135 193099 193111 193118 193135
MAVCH104 15 500 15 200892 200869 200882 200868 200892
MAVCH105 20 500 15 183789 183767 183747 183789 183774
MAVCH106 20 500 15 236240 236195 236193 236214 236240
MAVCH107 20 500 15 261140 261077 261068 261140 261093
MAVCH108 20 500 15 246141 246137 246076 246128 246141
MAVCH109 25 500 15 219019 218981 218975 218980 219019
MAVCH110 25 500 15 186457 186448 186457 186440 186457
MAVCH111 25 500 15 168985 168970 168960 168977 168985
MAVCH112 25 500 15 206520 206505 206500 206514 206520
MAVCH113 10 700 15 290755 290741 290736 290746 290755
MAVCH114 10 700 15 336234 336215 336216 336234 336232
MAVCH115 10 700 15 273187 273157 273163 273187 273167
MAVCH116 10 700 15 311754 311714 311704 311716 311754
MAVCH117 15 700 15 309163 309152 309147 309139 309163
MAVCH118 15 700 15 333632 333602 333593 333632 333618
MAVCH119 15 700 15 361654 361640 361633 361654 361648
MAVCH120 15 700 15 333583 333558 333560 333582 333583
MAVCH121 20 700 15 271193 271187 271161 271186 271193
MAVCH122 20 700 15 379808 379808 379807 379793 379807
MAVCH123 20 700 15 337655 337628 337618 337655 337655
MAVCH124 20 700 15 278250 278189 278198 278205 278250
MAVCH125 25 700 15 317119 317111 317090 317092 317119
MAVCH126 25 700 15 338106 338081 338075 338101 338106
MAVCH127 25 700 15 303130 303127 303118 303130 303122
MAVCH128 25 700 15 338056 338047 337997 338053 338056
MAVCH129 10 100 20 44265 44233 44223 44225 44265
MAVCH130 10 100 20 64710 64648 64707 64703 64710
MAVCH131 10 100 20 63330 63207 63232 63249 63330
MAVCH132 10 100 20 63359 63250 63303 63286 63359
MAVCH133 15 100 20 62224 62119 62205 62224 62194
MAVCH134 15 100 20 49826 49826 49746 49788 49765
MAVCH135 15 100 20 56266 56212 56221 56251 56266
MAVCH136 15 100 20 70650 70593 70629 70650 70648
MAVCH137 20 100 20 60333 60268 60303 60311 60333
MAVCH138 20 100 20 52858 52808 52819 52858 52846
MAVCH139 20 100 20 67355 67304 67355 67355 67355
MAVCH140 20 100 20 68325 68243 68220 68296 68325
MAVCH141 25 100 20 68523 68392 68425 68457 68523
MAVCH142 25 100 20 60444 60370 60377 60417 60444
MAVCH143 25 100 20 71432 71309 71365 71378 71432
MAVCH144 25 100 20 63439 63411 63388 63439 63393
MAVCH145 10 250 20 155104 155028 155094 155097 155104
MAVCH146 10 250 20 161709 161638 161686 161709 161652
MAVCH147 10 250 20 151399 151317 151382 151380 151399
MAVCH148 10 250 20 156624 156623 156527 156601 156624
MAVCH149 15 250 20 140987 140976 140920 140920 140987
MAVCH150 15 250 20 157333 157333 157275 157326 157310
MAVCH151 15 250 20 148355 148338 148355 148332 148347
MAVCH152 15 250 20 144681 144626 144651 144681 144620
MAVCH153 20 250 20 131325 131299 131268 131325 131309
MAVCH154 20 250 20 157587 157550 157573 157586 157587
MAVCH155 20 250 20 168780 168739 168759 168780 168768
MAVCH156 20 250 20 150110 150058 150071 150110 150058
MAVCH157 25 250 20 139009 138971 138994 139008 139009
MAVCH158 25 250 20 167698 167658 167641 167698 167674
MAVCH159 25 250 20 139114 139056 139083 139114 139111
MAVCH160 25 250 20 153994 153968 153989 153982 153994
MAVCH161 10 500 20 285816 285777 285768 285816 285779
MAVCH162 10 500 20 293389 293367 293389 293367 293341
MAVCH163 10 500 20 278220 278149 278201 278220 278207
MAVCH164 10 500 20 313291 313246 313262 313291 313260
MAVCH165 15 500 20 312212 312190 312140 312212 312180
MAVCH166 15 500 20 329548 329521 329548 329548 329526
MAVCH167 15 500 20 297256 297199 297234 297253 297256
MAVCH168 15 500 20 304782 304761 304689 304782 304724
MAVCH169 20 500 20 253093 253085 253051 253093 253085
MAVCH170 20 500 20 330342 330239 330342 330284 330212
MAVCH171 20 500 20 267873 267763 267764 267873 267762
MAVCH172 20 500 20 365364 365318 365353 365360 365364
MAVCH173 25 500 20 330675 330642 330646 330646 330675
MAVCH174 25 500 20 343351 343336 343295 343351 343315
MAVCH175 25 500 20 335716 335681 335696 335716 335688
MAVCH176 25 500 20 253335 253321 253314 253335 253312
MAVCH177 10 700 20 446129 446129 446102 446120 446123
MAVCH178 10 700 20 418018 417897 417938 418018 417982
MAVCH179 10 700 20 445940 445917 445924 445940 445908
MAVCH180 10 700 20 414342 414254 414286 414342 414308
MAVCH181 15 700 20 367311 367276 367277 367311 367296
MAVCH182 15 700 20 416351 416321 416301 416338 416351
MAVCH183 15 700 20 514321 514301 514315 514321 514320
MAVCH184 15 700 20 409199 409136 409104 409199 409197
MAVCH185 20 700 20 466265 466179 466186 466265 466245
MAVCH186 20 700 20 427752 427704 427741 427741 427752
MAVCH187 20 700 20 420752 420642 420619 420752 420682
MAVCH188 20 700 20 319268 319224 319216 319261 319268
MAVCH189 25 700 20 438522 438490 438416 438484 438522
MAVCH190 25 700 20 372423 372384 372418 372423 372413
MAVCH191 25 700 20 407263 407249 407156 407263 407249
MAVCH192 25 700 20 319878 319844 319837 319857 319878
MAVCH193 10 100 25 90172 89961 90105 90172 90115
MAVCH194 10 100 25 74166 73989 74114 74166 74147
MAVCH195 10 100 25 62441 62424 62424 62441 62391
MAVCH196 10 100 25 70767 70691 70702 70767 70682
MAVCH197 15 100 25 74234 74025 74073 74199 74234
MAVCH198 15 100 25 69184 68992 69067 69109 69184
MAVCH199 15 100 25 62886 62715 62828 62886 62812
MAVCH200 15 100 25 75347 75331 75283 75347 75338
MAVCH201 20 100 25 74484 74289 74354 74448 74484
MAVCH202 20 100 25 71357 71225 71280 71357 71297
MAVCH203 20 100 25 81779 81750 81779 81775 81706
MAVCH204 20 100 25 68422 68303 68362 68422 68414
MAVCH205 25 100 25 83306 83082 83072 83306 83092
MAVCH206 25 100 25 75636 75636 75607 75607 75581
MAVCH207 25 100 25 78063 77983 78020 78063 78053
MAVCH208 25 100 25 74612 74484 74612 74595 74520
MAVCH209 10 250 25 158977 158881 158839 158977 158876
MAVCH210 10 250 25 203067 202918 202990 203067 203010
MAVCH211 10 250 25 177910 177888 177872 177893 177910
MAVCH212 10 250 25 213057 212832 213003 213057 212904
MAVCH213 15 250 25 181373 181259 181335 181371 181373
MAVCH214 15 250 25 204921 204610 204679 204921 204711
MAVCH215 15 250 25 171712 171712 171681 171666 171577
MAVCH216 15 250 25 202611 202531 202594 202594 202611
MAVCH217 20 250 25 183117 183048 183058 183117 183076
MAVCH218 20 250 25 210630 210409 210571 210630 210524
MAVCH219 20 250 25 199467 199357 199426 199467 199336
MAVCH220 20 250 25 193224 193009 193057 193224 192933
MAVCH221 25 250 25 187143 187078 187111 187143 187122
MAVCH222 25 250 25 191118 190999 191118 191054 191027
MAVCH223 25 250 25 212088 211926 212006 212088 211926
MAVCH224 25 250 25 189772 189635 189628 189722 189772
MAVCH225 10 500 25 476535 476255 476380 476535 476282
MAVCH226 10 500 25 379349 379285 379249 379349 379278
MAVCH227 10 500 25 349684 349546 349532 349684 349642
MAVCH228 10 500 25 331153 330935 331153 331123 330894
MAVCH229 15 500 25 468261 468261 468200 468245 468134
MAVCH230 15 500 25 340957 340873 340875 340957 340925
MAVCH231 15 500 25 385823 385753 385688 385712 385823
MAVCH232 15 500 25 403376 403225 403282 403376 403340
MAVCH233 20 500 25 371964 371903 371860 371964 371879
MAVCH234 20 500 25 409225 409041 409225 409150 409056
MAVCH235 20 500 25 339353 339230 339326 339353 339136
MAVCH236 20 500 25 364407 364372 364299 364407 364389
MAVCH237 25 500 25 337588 337550 337520 337588 337566
MAVCH238 25 500 25 379842 379809 379790 379842 379812
MAVCH239 25 500 25 369951 369926 369804 369892 369951
MAVCH240 25 500 25 352419 352374 352337 352419 352400
MAVCH241 10 700 25 481853 481819 481821 481853 481765
MAVCH242 10 700 25 572550 572538 572488 572532 572550
MAVCH243 10 700 25 506403 506263 506276 506403 506277
MAVCH244 10 700 25 517227 517051 517120 517227 516985
MAVCH245 15 700 25 516018 516011 516018 516018 515999
MAVCH246 15 700 25 487885 487789 487885 487831 487854
MAVCH247 15 700 25 445889 445889 445882 445866 445885
MAVCH248 15 700 25 599919 599705 599844 599890 599919
MAVCH249 20 700 25 534956 534879 534956 534956 534890
MAVCH250 20 700 25 562844 562621 562471 562844 562298
MAVCH251 20 700 25 524463 524373 524259 524463 524368
MAVCH252 20 700 25 542183 542123 542112 542183 541979
MAVCH253 25 700 25 514647 514590 514433 514647 514641
MAVCH254 25 700 25 511156 511112 510994 511156 511117
MAVCH255 25 700 25 622664 622626 622502 622664 622631
MAVCH256 25 700 25 472556 472504 472430 472525 472556
